OrderDetailID	OrderID	ProductID	Quantity
1	10444	17	10
2	10444	26	15
3	10444	35	8
4	10444	41	30
5	10445	39	6
6	10445	54	15
7	10446	19	12
8	10446	24	20
9	10446	31	3
10	10446	52	15
11	10447	19	40
12	10447	65	35
13	10447	71	2
14	10448	26	6
15	10448	40	20
16	10449	10	14
17	10449	52	20
18	10449	62	35
19	10450	10	20
20	10450	54	6
21	10451	55	120
22	10451	64	35
23	10451	65	28
24	10451	77	55
25	10452	28	15
26	10452	44	100
27	10453	48	15
28	10453	70	25
29	10454	16	20
30	10454	33	20
31	10454	46	10
32	10455	39	20
33	10455	53	50
34	10455	61	25
35	10455	71	30
36	10456	21	40
37	10456	49	21
38	10457	59	36
39	10458	26	30
40	10458	28	30
41	10458	43	20
42	10458	56	15
43	10458	71	50
44	10459	7	16
45	10459	46	20
46	10459	72	40
47	10460	68	21
48	10460	75	4
49	10461	21	40
50	10461	30	28
51	10461	55	60
52	10462	13	1
53	10462	23	21
54	10463	19	21
55	10463	42	50
56	10464	4	16
57	10464	43	3
58	10464	56	30
59	10464	60	20
60	10465	24	25
61	10465	29	18
62	10465	40	20
63	10465	45	30
64	10465	50	25
65	10466	11	10
66	10466	46	5
67	10467	24	28
68	10467	25	12
69	10468	30	8
70	10468	43	15
71	10469	2	40
72	10469	16	35
73	10469	44	2
74	10470	18	30
75	10470	23	15
76	10470	64	8
77	10471	7	30
78	10471	56	20
79	10472	24	80
80	10472	51	18
81	10473	33	12
82	10473	71	12
83	10474	14	12
84	10474	28	18
85	10474	40	21
86	10474	75	10
87	10475	31	35
88	10475	66	60
89	10475	76	42
90	10476	55	2
91	10476	70	12
92	10477	1	15
93	10477	21	21
94	10477	39	20
95	10478	10	20
96	10479	38	30
97	10479	53	28
98	10479	59	60
99	10479	64	30
100	10480	47	30
101	10480	59	12
102	10481	49	24
103	10481	60	40
104	10482	40	10
105	10483	34	35
106	10483	77	30
107	10484	21	14
108	10484	40	10
109	10484	51	3
110	10485	2	20
111	10485	3	20
112	10485	55	30
113	10485	70	60
114	10486	11	5
115	10486	51	25
116	10486	74	16
117	10487	19	5
118	10487	26	30
119	10487	54	24
120	10488	59	30
121	10488	73	20
122	10489	11	15
123	10489	16	18
124	10490	59	60
125	10490	68	30
126	10490	75	36
127	10491	44	15
128	10491	77	7
129	10492	25	60
130	10492	42	20
131	10493	65	15
132	10493	66	10
133	10493	69	10
134	10494	56	30
135	10495	23	10
136	10495	41	20
137	10495	77	5
138	10496	31	20
139	10497	56	14
140	10497	72	25
141	10497	77	25
142	10498	24	14
143	10498	40	5
144	10498	42	30
145	10499	28	20
146	10499	49	25
147	10500	15	12
148	10500	28	8
149	10501	54	20
150	10502	45	21
151	10502	53	6
152	10502	67	30
153	10503	14	70
154	10503	65	20
155	10504	2	12
156	10504	21	12
157	10504	53	10
158	10504	61	25
159	10505	62	3
160	10506	25	18
161	10506	70	14
162	10507	43	15
163	10507	48	15
164	10508	13	10
165	10508	39	10
166	10509	28	3
167	10510	29	36
168	10510	75	36
169	10511	4	50
170	10511	7	50
171	10511	8	10
172	10512	24	10
173	10512	46	9
174	10512	47	6
175	10512	60	12
176	10513	21	40
177	10513	32	50
178	10513	61	15
179	10514	20	39
180	10514	28	35
181	10514	56	70
182	10514	65	39
183	10514	75	50
184	10515	9	16
185	10515	16	50
186	10515	27	120
187	10515	33	16
188	10515	60	84
189	10516	18	25
190	10516	41	80
191	10516	42	20
192	10517	52	6
193	10517	59	4
194	10517	70	6
195	10518	24	5
196	10518	38	15
197	10518	44	9
198	10519	10	16
199	10519	56	40
200	10519	60	10
201	10520	24	8
202	10520	53	5
203	10521	35	3
204	10521	41	10
205	10521	68	6
206	10522	1	40
207	10522	8	24
208	10522	30	20
209	10522	40	25
210	10523	17	25
211	10523	20	15
212	10523	37	18
213	10523	41	6
214	10524	10	2
215	10524	30	10
216	10524	43	60
217	10524	54	15
218	10525	36	30
219	10525	40	15
220	10526	1	8
221	10526	13	10
222	10526	56	30
223	10527	4	50
224	10527	36	30
225	10528	11	3
226	10528	33	8
227	10528	72	9
228	10529	55	14
229	10529	68	20
230	10529	69	10
231	10530	17	40
232	10530	43	25
233	10530	61	20
234	10530	76	50
235	10531	59	2
236	10532	30	15
237	10532	66	24
238	10533	4	50
239	10533	72	24
240	10533	73	24
241	10534	30	10
242	10534	40	10
243	10534	54	10
244	10535	11	50
245	10535	40	10
246	10535	57	5
247	10535	59	15
248	10536	12	15
249	10536	31	20
250	10536	33	30
251	10536	60	35
252	10537	31	30
253	10537	51	6
254	10537	58	20
255	10537	72	21
256	10537	73	9
257	10538	70	7
258	10538	72	1
259	10539	13	8
260	10539	21	15
261	10539	33	15
262	10539	49	6
263	10540	3	60
264	10540	26	40
265	10540	38	30
266	10540	68	35
267	10541	24	35
268	10541	38	4
269	10541	65	36
270	10541	71	9
271	10542	11	15
272	10542	54	24
273	10543	12	30
274	10543	23	70
275	10544	28	7
276	10544	67	7
277	10545	11	10
278	10546	7	10
279	10546	35	30
280	10546	62	40
281	10547	32	24
282	10547	36	60
283	10548	34	10
284	10548	41	14
285	10549	31	55
286	10549	45	100
287	10549	51	48
288	10550	17	8
289	10550	19	10
290	10550	21	6
291	10550	61	10
292	10551	16	40
293	10551	35	20
294	10551	44	40
295	10552	69	18
296	10552	75	30
297	10553	11	15
298	10553	16	14
299	10553	22	24
300	10553	31	30
301	10553	35	6
302	10554	16	30
303	10554	23	20
304	10554	62	20
305	10554	77	10
306	10555	14	30
307	10555	19	35
308	10555	24	18
309	10555	51	20
310	10555	56	40
311	10556	72	24
312	10557	64	30
313	10557	75	20
314	10558	47	25
315	10558	51	20
316	10558	52	30
317	10558	53	18
318	10558	73	3
319	10559	41	12
320	10559	55	18
321	10560	30	20
322	10560	62	15
323	10561	44	10
324	10561	51	50
325	10562	33	20
326	10562	62	10
327	10563	36	25
328	10563	52	70
329	10564	17	16
330	10564	31	6
331	10564	55	25
332	10565	24	25
333	10565	64	18
334	10566	11	35
335	10566	18	18
336	10566	76	10
337	10567	31	60
338	10567	51	3
339	10567	59	40
340	10568	10	5
341	10569	31	35
342	10569	76	30
343	10570	11	15
344	10570	56	60
345	10571	14	11
346	10571	42	28
347	10572	16	12
348	10572	32	10
349	10572	40	50
350	10572	75	15
351	10573	17	18
352	10573	34	40
353	10573	53	25
354	10574	33	14
355	10574	40	2
356	10574	62	10
357	10574	64	6
358	10575	59	12
359	10575	63	6
360	10575	72	30
361	10575	76	10
362	10576	1	10
363	10576	31	20
364	10576	44	21
365	10577	39	10
366	10577	75	20
367	10577	77	18
368	10578	35	20
369	10578	57	6
370	10579	15	10
371	10579	75	21
372	10580	14	15
373	10580	41	9
374	10580	65	30
375	10581	75	50
376	10582	57	4
377	10582	76	14
378	10583	29	10
379	10583	60	24
380	10583	69	10
381	10584	31	50
382	10585	47	15
383	10586	52	4
384	10587	26	6
385	10587	35	20
386	10587	77	20
387	10588	18	40
388	10588	42	100
389	10589	35	4
390	10590	1	20
391	10590	77	60
392	10591	3	14
393	10591	7	10
394	10591	54	50
395	10592	15	25
396	10592	26	5
397	10593	20	21
398	10593	69	20
399	10593	76	4
400	10594	52	24
401	10594	58	30
402	10595	35	30
403	10595	61	120
404	10595	69	65
405	10596	56	5
406	10596	63	24
407	10596	75	30
408	10597	24	35
409	10597	57	20
410	10597	65	12
411	10598	27	50
412	10598	71	9
413	10599	62	10
414	10600	54	4
415	10600	73	30
416	10601	13	60
417	10601	59	35
418	10602	77	5
419	10603	22	48
420	10603	49	25
421	10604	48	6
422	10604	76	10
423	10605	16	30
424	10605	59	20
425	10605	60	70
426	10605	71	15
427	10606	4	20
428	10606	55	20
429	10606	62	10
430	10607	7	45
431	10607	17	100
432	10607	33	14
433	10607	40	42
434	10607	72	12
435	10608	56	28
436	10609	1	3
437	10609	10	10
438	10609	21	6
439	10610	36	21
440	10611	1	6
441	10611	2	10
442	10611	60	15
443	10612	10	70
444	10612	36	55
445	10612	49	18
446	10612	60	40
447	10612	76	80
448	10613	13	8
449	10613	75	40
450	10614	11	14
451	10614	21	8
452	10614	39	5
453	10615	55	5
454	10616	38	15
455	10616	56	14
456	10616	70	15
457	10616	71	15
458	10617	59	30
459	10618	6	70
460	10618	56	20
461	10618	68	15
462	10619	21	42
463	10619	22	40
464	10620	24	5
465	10620	52	5
466	10621	19	5
467	10621	23	10
468	10621	70	20
469	10621	71	15
470	10622	2	20
471	10622	68	18
472	10623	14	21
473	10623	19	15
474	10623	21	25
475	10623	24	3
476	10623	35	30
477	10624	28	10
478	10624	29	6
479	10624	44	10
480	10625	14	3
481	10625	42	5
482	10625	60	10
483	10626	53	12
484	10626	60	20
485	10626	71	20
486	10627	62	15
487	10627	73	35
488	10628	1	25
489	10629	29	20
490	10629	64	9
491	10630	55	12
492	10630	76	35
493	10631	75	8
494	10632	2	30
495	10632	33	20
496	10633	12	36
497	10633	13	13
498	10633	26	35
499	10633	62	80
500	10634	7	35
501	10634	18	50
502	10634	51	15
503	10634	75	2
504	10635	4	10
505	10635	5	15
506	10635	22	40
507	10636	4	25
508	10636	58	6
509	10637	11	10
510	10637	50	25
511	10637	56	60
512	10638	45	20
513	10638	65	21
514	10638	72	60
515	10639	18	8
516	10640	69	20
517	10640	70	15
518	10641	2	50
519	10641	40	60
520	10642	21	30
521	10642	61	20
522	10643	28	15
523	10643	39	21
524	10643	46	2
525	10644	18	4
526	10644	43	20
527	10644	46	21
528	10645	18	20
529	10645	36	15
530	10646	1	15
531	10646	10	18
532	10646	71	30
533	10646	77	35
534	10647	19	30
535	10647	39	20
536	10648	22	15
537	10648	24	15
538	10649	28	20
539	10649	72	15
540	10650	30	30
541	10650	53	25
542	10650	54	30
543	10651	19	12
544	10651	22	20
545	10652	30	2
546	10652	42	20
547	10653	16	30
548	10653	60	20
549	10654	4	12
550	10654	39	20
551	10654	54	6
552	10655	41	20
553	10656	14	3
554	10656	44	28
555	10656	47	6
556	10657	15	50
557	10657	41	24
558	10657	46	45
559	10657	47	10
560	10657	56	45
561	10657	60	30
562	10658	21	60
563	10658	40	70
564	10658	60	55
565	10658	77	70
566	10659	31	20
567	10659	40	24
568	10659	70	40
569	10660	20	21
570	10661	39	3
571	10661	58	49
572	10662	68	10
573	10663	40	30
574	10663	42	30
575	10663	51	20
576	10664	10	24
577	10664	56	12
578	10664	65	15
579	10665	51	20
580	10665	59	1
581	10665	76	10
582	10666	29	36
583	10666	65	10
584	10667	69	45
585	10667	71	14
586	10668	31	8
587	10668	55	4
588	10668	64	15
589	10669	36	30
590	10670	23	32
591	10670	46	60
592	10670	67	25
593	10670	73	50
594	10670	75	25
595	10671	16	10
596	10671	62	10
597	10671	65	12
598	10672	38	15
599	10672	71	12
600	10673	16	3
601	10673	42	6
602	10673	43	6
603	10674	23	5
604	10675	14	30
605	10675	53	10
606	10675	58	30
607	10676	10	2
608	10676	19	7
609	10676	44	21
610	10677	26	30
611	10677	33	8
612	10678	12	100
613	10678	33	30
614	10678	41	120
615	10678	54	30
616	10679	59	12
617	10680	16	50
618	10680	31	20
619	10680	42	40
620	10681	19	30
621	10681	21	12
622	10681	64	28
623	10682	33	30
624	10682	66	4
625	10682	75	30
626	10683	52	9
627	10684	40	20
628	10684	47	40
629	10684	60	30
630	10685	10	20
631	10685	41	4
632	10685	47	15
633	10686	17	30
634	10686	26	15
635	10687	9	50
636	10687	29	10
637	10687	36	6
638	10688	10	18
639	10688	28	60
640	10688	34	14
641	10689	1	35
642	10690	56	20
643	10690	77	30
644	10691	1	30
645	10691	29	40
646	10691	43	40
647	10691	44	24
648	10691	62	48
649	10692	63	20
650	10693	9	6
651	10693	54	60
652	10693	69	30
653	10693	73	15
654	10694	7	90
655	10694	59	25
656	10694	70	50
657	10695	8	10
658	10695	12	4
659	10695	24	20
660	10696	17	20
661	10696	46	18
662	10697	19	7
663	10697	35	9
664	10697	58	30
665	10697	70	30
666	10698	11	15
667	10698	17	8
668	10698	29	12
669	10698	65	65
670	10698	70	8
671	10699	47	12
672	10700	1	5
673	10700	34	12
674	10700	68	40
675	10700	71	60
676	10701	59	42
677	10701	71	20
678	10701	76	35
679	10702	3	6
680	10702	76	15
681	10703	2	5
682	10703	59	35
683	10703	73	35
684	10704	4	6
685	10704	24	35
686	10704	48	24
687	10705	31	20
688	10705	32	4
689	10706	16	20
690	10706	43	24
691	10706	59	8
692	10707	55	21
693	10707	57	40
694	10707	70	28
695	10708	5	4
696	10708	36	5
697	10709	8	40
698	10709	51	28
699	10709	60	10
700	10710	19	5
701	10710	47	5
702	10711	19	12
703	10711	41	42
704	10711	53	120
705	10712	53	3
706	10712	56	30
707	10713	10	18
708	10713	26	30
709	10713	45	110
710	10713	46	24
711	10714	2	30
712	10714	17	27
713	10714	47	50
714	10714	56	18
715	10714	58	12
716	10715	10	21
717	10715	71	30
718	10716	21	5
719	10716	51	7
720	10716	61	10
721	10717	21	32
722	10717	54	15
723	10717	69	25
724	10718	12	36
725	10718	16	20
726	10718	36	40
727	10718	62	20
728	10719	18	12
729	10719	30	3
730	10719	54	40
731	10720	35	21
732	10720	71	8
733	10721	44	50
734	10722	2	3
735	10722	31	50
736	10722	68	45
737	10722	75	42
738	10723	26	15
739	10724	10	16
740	10724	61	5
741	10725	41	12
742	10725	52	4
743	10725	55	6
744	10726	4	25
745	10726	11	5
746	10727	17	20
747	10727	56	10
748	10727	59	10
749	10728	30	15
750	10728	40	6
751	10728	55	12
752	10728	60	15
753	10729	1	50
754	10729	21	30
755	10729	50	40
756	10730	16	15
757	10730	31	3
758	10730	65	10
759	10731	21	40
760	10731	51	30
761	10732	76	20
762	10733	14	16
763	10733	28	20
764	10733	52	25
765	10734	6	30
766	10734	30	15
767	10734	76	20
768	10735	61	20
769	10735	77	2
770	10736	65	40
771	10736	75	20
772	10737	13	4
773	10737	41	12
774	10738	16	3
775	10739	36	6
776	10739	52	18
777	10740	28	5
778	10740	35	35
779	10740	45	40
780	10740	56	14
781	10741	2	15
782	10742	3	20
783	10742	60	50
784	10742	72	35
785	10743	46	28
786	10744	40	50
787	10745	18	24
788	10745	44	16
789	10745	59	45
790	10745	72	7
791	10746	13	6
792	10746	42	28
793	10746	62	9
794	10746	69	40
795	10747	31	8
796	10747	41	35
797	10747	63	9
798	10747	69	30
799	10748	23	44
800	10748	40	40
801	10748	56	28
802	10749	56	15
803	10749	59	6
804	10749	76	10
805	10750	14	5
806	10750	45	40
807	10750	59	25
808	10751	26	12
809	10751	30	30
810	10751	50	20
811	10751	73	15
812	10752	1	8
813	10752	69	3
814	10753	45	4
815	10753	74	5
816	10754	40	3
817	10755	47	30
818	10755	56	30
819	10755	57	14
820	10755	69	25
821	10756	18	21
822	10756	36	20
823	10756	68	6
824	10756	69	20
825	10757	34	30
826	10757	59	7
827	10757	62	30
828	10757	64	24
829	10758	26	20
830	10758	52	60
831	10758	70	40
832	10759	32	10
833	10760	25	12
834	10760	27	40
835	10760	43	30
836	10761	25	35
837	10761	75	18
838	10762	39	16
839	10762	47	30
840	10762	51	28
841	10762	56	60
842	10763	21	40
843	10763	22	6
844	10763	24	20
845	10764	3	20
846	10764	39	130
847	10765	65	80
848	10766	2	40
849	10766	7	35
850	10766	68	40
851	10767	42	2
852	10768	22	4
853	10768	31	50
854	10768	60	15
855	10768	71	12
856	10769	41	30
857	10769	52	15
858	10769	61	20
859	10769	62	15
860	10770	11	15
861	10771	71	16
862	10772	29	18
863	10772	59	25
864	10773	17	33
865	10773	31	70
866	10773	75	7
867	10774	31	2
868	10774	66	50
869	10775	10	6
870	10775	67	3
871	10776	31	16
872	10776	42	12
873	10776	45	27
874	10776	51	120
875	10777	42	20
876	10778	41	10
877	10779	16	20
878	10779	62	20
879	10780	70	35
880	10780	77	15
881	10781	54	3
882	10781	56	20
883	10781	74	35
884	10782	31	1
885	10783	31	10
886	10783	38	5
887	10784	36	30
888	10784	39	2
889	10784	72	30
890	10785	10	10
891	10785	75	10
892	10786	8	30
893	10786	30	15
894	10786	75	42
895	10787	2	15
896	10787	29	20
897	10788	19	50
898	10788	75	40
899	10789	18	30
900	10789	35	15
901	10789	63	30
902	10789	68	18
903	10790	7	3
904	10790	56	20
905	10791	29	14
906	10791	41	20
907	10792	2	10
908	10792	54	3
909	10792	68	15
910	10793	41	14
911	10793	52	8
912	10794	14	15
913	10794	54	6
914	10795	16	65
915	10795	17	35
916	10796	26	21
917	10796	44	10
918	10796	64	35
919	10796	69	24
920	10797	11	20
921	10798	62	2
922	10798	72	10
923	10799	13	20
924	10799	24	20
925	10799	59	25
926	10800	11	50
927	10800	51	10
928	10800	54	7
929	10801	17	40
930	10801	29	20
931	10802	30	25
932	10802	51	30
933	10802	55	60
934	10802	62	5
935	10803	19	24
936	10803	25	15
937	10803	59	15
938	10804	10	36
939	10804	28	24
940	10804	49	4
941	10805	34	10
942	10805	38	10
943	10806	2	20
944	10806	65	2
945	10806	74	15
946	10807	40	1
947	10808	56	20
948	10808	76	50
949	10809	52	20
950	10810	13	7
951	10810	25	5
952	10810	70	5
953	10811	19	15
954	10811	23	18
955	10811	40	30
956	10812	31	16
957	10812	72	40
958	10812	77	20
959	10813	2	12
960	10813	46	35
961	10814	41	20
962	10814	43	20
963	10814	48	8
964	10814	61	30
965	10815	33	16
966	10816	38	30
967	10816	62	20
968	10817	26	40
969	10817	38	30
970	10817	40	60
971	10817	62	25
972	10818	32	20
973	10818	41	20
974	10819	43	7
975	10819	75	20
976	10820	56	30
977	10821	35	20
978	10821	51	6
979	10822	62	3
980	10822	70	6
981	10823	11	20
982	10823	57	15
983	10823	59	40
984	10823	77	15
985	10824	41	12
986	10824	70	9
987	10825	26	12
988	10825	53	20
989	10826	31	35
990	10826	57	15
991	10827	10	15
992	10827	39	21
993	10828	20	5
994	10828	38	2
995	10829	2	10
996	10829	8	20
997	10829	13	10
998	10829	60	21
999	10830	6	6
1000	10830	39	28
1001	10830	60	30
1002	10830	68	24
1003	10831	19	2
1004	10831	35	8
1005	10831	38	8
1006	10831	43	9
1007	10832	13	3
1008	10832	25	10
1009	10832	44	16
1010	10832	64	3
1011	10833	7	20
1012	10833	31	9
1013	10833	53	9
1014	10834	29	8
1015	10834	30	20
1016	10835	59	15
1017	10835	77	2
1018	10836	22	52
1019	10836	35	6
1020	10836	57	24
1021	10836	60	60
1022	10836	64	30
1023	10837	13	6
1024	10837	40	25
1025	10837	47	40
1026	10837	76	21
1027	10838	1	4
1028	10838	18	25
1029	10838	36	50
1030	10839	58	30
1031	10839	72	15
1032	10840	25	6
1033	10840	39	10
1034	10841	10	16
1035	10841	56	30
1036	10841	59	50
1037	10841	77	15
1038	10842	11	15
1039	10842	43	5
1040	10842	68	20
1041	10842	70	12
1042	10843	51	4
1043	10844	22	35
1044	10845	23	70
1045	10845	35	25
1046	10845	42	42
1047	10845	58	60
1048	10845	64	48
1049	10846	4	21
1050	10846	70	30
1051	10846	74	20
1052	10847	1	80
1053	10847	19	12
1054	10847	37	60
1055	10847	45	36
1056	10847	60	45
1057	10847	71	55
1058	10848	5	30
1059	10848	9	3
1060	10849	3	49
1061	10849	26	18
1062	10850	25	20
1063	10850	33	4
1064	10850	70	30
1065	10851	2	5
1066	10851	25	10
1067	10851	57	10
1068	10851	59	42
1069	10852	2	15
1070	10852	17	6
1071	10852	62	50
1072	10853	18	10
1073	10854	10	100
1074	10854	13	65
1075	10855	16	50
1076	10855	31	14
1077	10855	56	24
1078	10855	65	15
1079	10856	2	20
1080	10856	42	20
1081	10857	3	30
1082	10857	26	35
1083	10857	29	10
1084	10858	7	5
1085	10858	27	10
1086	10858	70	4
1087	10859	24	40
1088	10859	54	35
1089	10859	64	30
1090	10860	51	3
1091	10860	76	20
1092	10861	17	42
1093	10861	18	20
1094	10861	21	40
1095	10861	33	35
1096	10861	62	3
1097	10862	11	25
1098	10862	52	8
1099	10863	1	20
1100	10863	58	12
1101	10864	35	4
1102	10864	67	15
1103	10865	38	60
1104	10865	39	80
1105	10866	2	21
1106	10866	24	6
1107	10866	30	40
1108	10867	53	3
1109	10868	26	20
1110	10868	35	30
1111	10868	49	42
1112	10869	1	40
1113	10869	11	10
1114	10869	23	50
1115	10869	68	20
1116	10870	35	3
1117	10870	51	2
1118	10871	6	50
1119	10871	16	12
1120	10871	17	16
1121	10872	55	10
1122	10872	62	20
1123	10872	64	15
1124	10872	65	21
1125	10873	21	20
1126	10873	28	3
1127	10874	10	10
1128	10875	19	25
1129	10875	47	21
1130	10875	49	15
1131	10876	46	21
1132	10876	64	20
1133	10877	16	30
1134	10877	18	25
1135	10878	20	20
1136	10879	40	12
1137	10879	65	10
1138	10879	76	10
1139	10880	23	30
1140	10880	61	30
1141	10880	70	50
1142	10881	73	10
1143	10882	42	25
1144	10882	49	20
1145	10882	54	32
1146	10883	24	8
1147	10884	21	40
1148	10884	56	21
1149	10884	65	12
1150	10885	2	20
1151	10885	24	12
1152	10885	70	30
1153	10885	77	25
1154	10886	10	70
1155	10886	31	35
1156	10886	77	40
1157	10887	25	5
1158	10888	2	20
1159	10888	68	18
1160	10889	11	40
1161	10889	38	40
1162	10890	17	15
1163	10890	34	10
1164	10890	41	14
1165	10891	30	15
1166	10892	59	40
1167	10893	8	30
1168	10893	24	10
1169	10893	29	24
1170	10893	30	35
1171	10893	36	20
1172	10894	13	28
1173	10894	69	50
1174	10894	75	120
1175	10895	24	110
1176	10895	39	45
1177	10895	40	91
1178	10895	60	100
1179	10896	45	15
1180	10896	56	16
1181	10897	29	80
1182	10897	30	36
1183	10898	13	5
1184	10899	39	8
1185	10900	70	3
1186	10901	41	30
1187	10901	71	30
1188	10902	55	30
1189	10902	62	6
1190	10903	13	40
1191	10903	65	21
1192	10903	68	20
1193	10904	58	15
1194	10904	62	35
1195	10905	1	20
1196	10906	61	15
1197	10907	75	14
1198	10908	7	20
1199	10908	52	14
1200	10909	7	12
1201	10909	16	15
1202	10909	41	5
1203	10910	19	12
1204	10910	49	10
1205	10910	61	5
1206	10911	1	10
1207	10911	17	12
1208	10911	67	15
1209	10912	11	40
1210	10912	29	60
1211	10913	4	30
1212	10913	33	40
1213	10913	58	15
1214	10914	71	25
1215	10915	17	10
1216	10915	33	30
1217	10915	54	10
1218	10916	16	6
1219	10916	32	6
1220	10916	57	20
1221	10917	30	1
1222	10917	60	10
1223	10918	1	60
1224	10918	60	25
1225	10919	16	24
1226	10919	25	24
1227	10919	40	20
1228	10920	50	24
1229	10921	35	10
1230	10921	63	40
1231	10922	17	15
1232	10922	24	35
1233	10923	42	10
1234	10923	43	10
1235	10923	67	24
1236	10924	10	20
1237	10924	28	30
1238	10924	75	6
1239	10925	36	25
1240	10925	52	12
1241	10926	11	2
1242	10926	13	10
1243	10926	19	7
1244	10926	72	10
1245	10927	20	5
1246	10927	52	5
1247	10927	76	20
1248	10928	47	5
1249	10928	76	5
1250	10929	21	60
1251	10929	75	49
1252	10929	77	15
1253	10930	21	36
1254	10930	27	25
1255	10930	55	25
1256	10930	58	30
1257	10931	13	42
1258	10931	57	30
1259	10932	16	30
1260	10932	62	14
1261	10932	72	16
1262	10932	75	20
1263	10933	53	2
1264	10933	61	30
1265	10934	6	20
1266	10935	1	21
1267	10935	18	4
1268	10935	23	8
1269	10936	36	30
1270	10937	28	8
1271	10937	34	20
1272	10938	13	20
1273	10938	43	24
1274	10938	60	49
1275	10938	71	35
1276	10939	2	10
1277	10939	67	40
1278	10940	7	8
1279	10940	13	20
1280	10941	31	44
1281	10941	62	30
1282	10941	68	80
1283	10941	72	50
1284	10942	49	28
1285	10943	13	15
1286	10943	22	21
1287	10943	46	15
1288	10944	11	5
1289	10944	44	18
1290	10944	56	18
1291	10945	13	20
1292	10945	31	10
1293	10946	10	25
1294	10946	24	25
1295	10946	77	40
1296	10947	59	4
1297	10948	50	9
1298	10948	51	40
1299	10948	55	4
1300	10949	6	12
1301	10949	10	30
1302	10949	17	6
1303	10949	62	60
1304	10950	4	5
1305	10951	33	15
1306	10951	41	6
1307	10951	75	50
1308	10952	6	16
1309	10952	28	2
1310	10953	20	50
1311	10953	31	50
1312	10954	16	28
1313	10954	31	25
1314	10954	45	30
1315	10954	60	24
1316	10955	75	12
1317	10956	21	12
1318	10956	47	14
1319	10956	51	8
1320	10957	30	30
1321	10957	35	40
1322	10957	64	8
1323	10958	5	20
1324	10958	7	6
1325	10958	72	5
1326	10959	75	20
1327	10960	24	10
1328	10960	41	24
1329	10961	52	6
1330	10961	76	60
1331	10962	7	45
1332	10962	13	77
1333	10962	53	20
1334	10962	69	9
1335	10962	76	44
1336	10963	60	2
1337	10964	18	6
1338	10964	38	5
1339	10964	69	10
1340	10965	51	16
1341	10966	37	8
1342	10966	56	12
1343	10966	62	12
1344	10967	19	12
1345	10967	49	40
1346	10968	12	30
1347	10968	24	30
1348	10968	64	4
1349	10969	46	9
1350	10970	52	40
1351	10971	29	14
1352	10972	17	6
1353	10972	33	7
1354	10973	26	5
1355	10973	41	6
1356	10973	75	10
1357	10974	63	10
1358	10975	8	16
1359	10975	75	10
1360	10976	28	20
1361	10977	39	30
1362	10977	47	30
1363	10977	51	10
1364	10977	63	20
1365	10978	8	20
1366	10978	21	40
1367	10978	40	10
1368	10978	44	6
1369	10979	7	18
1370	10979	12	20
1371	10979	24	80
1372	10979	27	30
1373	10979	31	24
1374	10979	63	35
1375	10980	75	40
1376	10981	38	60
1377	10982	7	20
1378	10982	43	9
1379	10983	13	84
1380	10983	57	15
1381	10984	16	55
1382	10984	24	20
1383	10984	36	40
1384	10985	16	36
1385	10985	18	8
1386	10985	32	35
1387	10986	11	30
1388	10986	20	15
1389	10986	76	10
1390	10986	77	15
1391	10987	7	60
1392	10987	43	6
1393	10987	72	20
1394	10988	7	60
1395	10988	62	40
1396	10989	6	40
1397	10989	11	15
1398	10989	41	4
1399	10990	21	65
1400	10990	34	60
1401	10990	55	65
1402	10990	61	66
1403	10991	2	50
1404	10991	70	20
1405	10991	76	90
1406	10992	72	2
1407	10993	29	50
1408	10993	41	35
1409	10994	59	18
1410	10995	51	20
1411	10995	60	4
1412	10996	42	40
1413	10997	32	50
1414	10997	46	20
1415	10997	52	20
1416	10998	24	12
1417	10998	61	7
1418	10998	74	20
1419	10998	75	30
1420	10999	41	20
1421	10999	51	15
1422	10999	77	21
1423	11000	4	25
1424	11000	24	30
1425	11000	77	30
1426	11001	7	60
1427	11001	22	25
1428	11001	46	25
1429	11001	55	6
1430	11002	13	56
1431	11002	35	15
1432	11002	42	24
1433	11002	55	40
1434	11003	1	4
1435	11003	40	10
1436	11003	52	10
1437	11004	26	6
1438	11004	76	6
1439	11005	1	2
1440	11005	59	10
1441	11006	1	8
1442	11006	29	2
1443	11007	8	30
1444	11007	29	10
1445	11007	42	14
1446	11008	28	70
1447	11008	34	90
1448	11008	71	21
1449	11009	24	12
1450	11009	36	18
1451	11009	60	9
1452	11010	7	20
1453	11010	24	10
1454	11011	58	40
1455	11011	71	20
1456	11012	19	50
1457	11012	60	36
1458	11012	71	60
1459	11013	23	10
1460	11013	42	4
1461	11013	45	20
1462	11013	68	2
1463	11014	41	28
1464	11015	30	15
1465	11015	77	18
1466	11016	31	15
1467	11016	36	16
1468	11017	3	25
1469	11017	59	110
1470	11017	70	30
1471	11018	12	20
1472	11018	18	10
1473	11018	56	5
1474	11019	46	3
1475	11019	49	2
1476	11020	10	24
1477	11021	2	11
1478	11021	20	15
1479	11021	26	63
1480	11021	51	44
1481	11021	72	35
1482	11022	19	35
1483	11022	69	30
1484	11023	7	4
1485	11023	43	30
1486	11024	26	12
1487	11024	33	30
1488	11024	65	21
1489	11024	71	50
1490	11025	1	10
1491	11025	13	20
1492	11026	18	8
1493	11026	51	10
1494	11027	24	30
1495	11027	62	21
1496	11028	55	35
1497	11028	59	24
1498	11029	56	20
1499	11029	63	12
1500	11030	2	100
1501	11030	5	70
1502	11030	29	60
1503	11030	59	100
1504	11031	1	45
1505	11031	13	80
1506	11031	24	21
1507	11031	64	20
1508	11031	71	16
1509	11032	36	35
1510	11032	38	25
1511	11032	59	30
1512	11033	53	70
1513	11033	69	36
1514	11034	21	15
1515	11034	44	12
1516	11034	61	6
1517	11035	1	10
1518	11035	35	60
1519	11035	42	30
1520	11035	54	10
1521	11036	13	7
1522	11036	59	30
1523	11037	70	4
1524	11038	40	5
1525	11038	52	2
1526	11038	71	30
1527	11039	28	20
1528	11039	35	24
1529	11039	49	60
1530	11039	57	28
1531	11040	21	20
1532	11041	2	30
1533	11041	63	30
1534	11042	44	15
1535	11042	61	4
1536	11043	11	10
1537	11044	62	12
1538	11045	33	15
1539	11045	51	24
1540	11046	12	20
1541	11046	32	15
1542	11046	35	18
1543	11047	1	25
1544	11047	5	30
1545	11048	68	42
1546	11049	2	10
1547	11049	12	4
1548	11050	76	50
1549	11051	24	10
1550	11052	43	30
1551	11052	61	10
1552	11053	18	35
1553	11053	32	20
1554	11053	64	25
1555	11054	33	10
1556	11054	67	20
1557	11055	24	15
1558	11055	25	15
1559	11055	51	20
1560	11055	57	20
1561	11056	7	40
1562	11056	55	35
1563	11056	60	50
1564	11057	70	3
1565	11058	21	3
1566	11058	60	21
1567	11058	61	4
1568	11059	13	30
1569	11059	17	12
1570	11059	60	35
1571	11060	60	4
1572	11060	77	10
1573	11061	60	15
1574	11062	53	10
1575	11062	70	12
1576	11063	34	30
1577	11063	40	40
1578	11063	41	30
1579	11064	17	77
1580	11064	41	12
1581	11064	53	25
1582	11064	55	4
1583	11064	68	55
1584	11065	30	4
1585	11065	54	20
1586	11066	16	3
1587	11066	19	42
1588	11066	34	35
1589	11067	41	9
1590	11068	28	8
1591	11068	43	36
1592	11068	77	28
1593	11069	39	20
1594	11070	1	40
1595	11070	2	20
1596	11070	16	30
1597	11070	31	20
1598	11071	7	15
1599	11071	13	10
1600	11072	2	8
1601	11072	41	40
1602	11072	50	22
1603	11072	64	130
1604	11073	11	10
1605	11073	24	20
1606	11074	16	14
1607	11075	2	10
1608	11075	46	30
1609	11075	76	2
1610	11076	6	20
1611	11076	14	20
1612	11076	19	10
1613	11077	2	24
1614	11077	3	4
1615	11077	4	1
1616	11077	6	1
1617	11077	7	1
1618	11077	8	2
1619	11077	10	1
1620	11077	12	2
1621	11077	13	4
1622	11077	14	1
1623	11077	16	2
1624	11077	20	1
1625	11077	23	2
1626	11077	32	1
1627	11077	39	2
1628	11077	41	3
1629	11077	46	3
1630	11077	52	2
1631	11077	55	2
1632	11077	60	2
1633	11077	64	2
1634	11077	66	1
1635	11077	73	2
1636	11077	75	4
1637	11077	77	2
